38 2811008283 7
49 3458611004 2
50 3933747183 1
52 3798093806 10
61 3454069374 4
70 3021810870 1
38 2540173919 10
57 3769293332 6
32 1963875048 6
48 2536328111 8
57 4184527373 5
66 1754437032 3
50 3451039012 0
45 1748184670 2
44 3300094015 0
53 1130193181 4
43 1414857885 6
25 1529384263 4
46 2829732187 2
48 2006504024 3
40 2545665889 2
73 4058157614 8
53 4091015558 2
36 4239838096 5
50 2488004000 9
54 861201028 7
47 3484128301 10
36 3950328360 8
65 4016454077 5
37 2377922738 10
60 3287748588 0
55 3302674928 6
48 4115697351 8
33 4061437015 8
67 2713498887 4
42 4171822110 6
63 4279927068 3
46 1393738674 10
34 762415757 6
31 3096301866 1
27 3396387800 0
69 3910238838 0
27 2169126614 5
65 541082192 4
33 3241698255 5
48 715134910 7
57 3355877952 8
42 2778118374 7
51 2270579356 2
22 1848692796 0
48 4147625555 3
40 2324788643 0
73 3112174050 3
25 2420121911 3
58 3566167184 0
40 528374535 4
61 2904759173 5
42 2281434014 7
64 3206367501 10
50 2485124513 4
61 2737213514 9
48 1825008067 10
65 1744827219 4
68 1631944698 10
59 2551156034 0
30 3303530133 7
63 3270189743 0
40 2906199710 3
35 2544363385 4
39 2241569715 10
34 2784064114 0
66 2244078027 1
43 3564655762 9
49 2891829161 8
46 3595935137 6
17 4255718897 0
20 2706852294 8
63 3960830565 5
49 4116953699 8
53 2465875037 10
48 1960823833 0
43 2615806681 8
21 4209348061 1
64 3204335573 9
51 3026449172 10
60 2294375764 10
55 2788068827 4
59 1097939805 10
18 4240723066 8
59 3648654360 0
53 4274300053 10
41 3965921089 8
69 3526229196 10
52 3870349826 6
62 4236202711 0
79 2907370350 6
58 2904924767 2
50 3882449375 6
70 4177127320 0
37 3760564758 6
63 2900250624 6
58 3368438284 4
59 2082979712 1
39 3812921887 8
56 3255778850 2
39 579775868 7
42 3547560673 4
44 3039760993 1
57 1713969702 9
40 3094097570 5
49 769127265 1
20 4240290553 4
46 3657508945 3
34 2507755203 2
37 4290077981 8
64 1255839997 7
59 3890743505 4
45 31568497 7
70 3805535477 6
57 3074773855 7
27 3842428055 10
59 3845820388 6
39 3545714490 10
53 3450614807 4
37 2906370363 2
60 4042618753 2
52 3067520007 0
22 3541529473 7
66 3652206565 4
69 1760550931 1
43 3444018320 3
31 3753316735 4
48 4062116697 0
33 3776542831 2
73 3592786074 6
68 3455358476 7
51 3152110339 10
63 3764178500 3
59 3338447462 0
46 3076756954 6
47 1323697356 9
39 3213348174 0
43 2954707455 1
14 3169573116 2
50 4017245478 6
47 2312966763 0
44 3291339870 0
81 1699804908 7
33 1500306585 6
42 2071078414 0
53 4175582850 10
47 2177637886 8
47 4113264565 10
79 3870887073 5
41 3463579547 6
53 2327627506 10
25 2138269460 2
35 4223136648 9
54 3170754628 4
50 4071845079 2
64 3946523707 6
36 3697899895 10
44 3916414233 4
57 2958194230 0
52 3119653290 4
17 3945773559 4
60 724482750 4
43 4277138324 6
54 1256663141 3
22 1094472473 8
63 3714122934 1
75 3658319398 10
42 4279061441 2
83 2968014540 0
15 2022417707 4
65 4266221240 10
47 3155957804 9
51 3880267117 8
67 1166693657 7
21 1186347466 4
55 3750690863 10
28 2040454178 10
18 3792634669 7
77 3635146759 2
66 3591371625 4
29 1806863950 8
45 2071063984 8
56 3902974073 2
51 2718276919 1
67 3821419851 0
62 2668915486 5
18 2579093264 7
51 2859325844 0
58 1846427246 6
92 4223796613 2
68 4158928674 0
59 4022688878 10
52 1879477142 3
56 2143965080 0
46 3989290555 0
42 3404102021 1
23 3883494004 9
39 1799572518 2
40 2566629173 10
51 2481009202 8
34 3322890627 10
36 935652417 0
61 4250613602 9
30 1672743947 4
49 3910449312 4
10 4046136661 1
36 3822472339 8
53 2884450898 6
51 3376800079 3
22 3989561518 0
59 3994889732 4
50 4195316312 5
29 1228309505 3
87 2798045312 5
45 3578801724 9
37 4174981665 2
53 4260967307 7
51 3318061715 5
57 815815930 2
36 2524098428 8
45 3418411606 5
61 2758551256 2
16 1107792106 0
55 3989185321 8
52 1718881144 2
37 4238377204 1
45 3901575966 8
73 3681476382 10
60 2410304848 4
55 4169602098 0
46 3758031728 7
48 1747358410 6
47 1086280170 7
46 3670789427 0
59 4058987970 6
16 4231800663 3
54 3037747664 4
32 3639951416 3
50 2158738372 2
44 1931424950 0
37 820653414 1
44 1419718520 6
63 3564791845 1
62 2169933837 1
66 2639804974 5
43 3506279270 10
27 3677124987 2
61 3904271124 6
58 3621708329 4
57 3528580984 4
54 3504540189 4
51 3478000988 8
31 2512966027 2
69 4228027728 3
58 3627179418 6
69 2787432558 3
52 1476965566 8
24 2228656898 9
53 3549817003 4
41 4004542241 10
52 3449572208 9
38 3298295393 6
44 3699916161 5
58 3081832923 10
35 3709976290 4
45 156716587 10
44 1870908998 0
46 1128415051 2
61 3742230311 2
63 4196665374 0
47 2141031239 7
72 3240204940 2
47 1868931974 3
52 2827879469 7
43 1048451404 3
67 3822065936 2
28 3392869504 4
72 3425286598 6
79 4266166058 0
53 2979780885 5
36 2460954588 0
35 3702374012 2
30 166526538 2
51 1927011767 6
56 1936761798 8
44 3998269309 5
27 3072183356 4
27 3498539277 10
62 949864844 8
12 2796409710 10
31 4152538698 6
53 3239041882 5
56 3137860321 0
58 2247394634 4
61 3196629376 6
57 2895397899 8
47 3191498282 0
57 3690317078 4
35 3994085362 6
43 1527883802 4
58 3516979867 7
38 3365393603 9
47 2749821646 4
27 2423654950 3
60 3690256344 9
51 3432093096 1
23 1095793768 0
56 1872123753 10
47 4016448285 8
67 3161048148 2
27 3324779969 6
50 1508822554 8
32 1375510445 6
48 1965984145 5
71 3706116600 2
53 1348243759 3
45 3891372776 4
41 1833243759 6
50 4127288054 7
47 3675275202 7
21 939568152 7
63 3822807044 2
64 3631748091 0
40 4061570473 5
47 1687675591 7
50 3608171761 10
55 4133242042 3
54 3637691170 3
54 1415955096 1
52 2233282821 4
76 3365331148 8
33 2619373429 3
36 2521459018 0
50 3571701045 6
56 3659192446 0
52 3042692932 8
40 847612579 2
38 2611140459 6
33 4135084749 10
41 689697640 2
24 3321392241 6
46 3065314726 8
31 1743547997 8
41 396257640 2
56 2706584823 4
60 2212696892 6
52 2763245613 8
28 4189802543 10
54 3796651384 10
72 4080476530 9
74 3875153629 10
33 1432522710 8
70 1849967788 4
31 2663414981 2
51 4128857034 6
44 3712547268 1
62 4161658420 7
51 3269106567 8
70 1910928092 2
54 2572324056 5
51 3977503336 4
43 2717946962 9
61 3276070542 3
61 1074981309 10
34 1705202958 6
40 2450685372 10
57 2942200453 0
57 3542333371 3
61 1547020319 4
31 3351397908 8
51 3877926707 8
32 2197817085 8
44 2580136111 3
16 2931396970 8
36 3239739423 5
50 1478289207 5
52 3209378269 9
23 4214573342 8
52 3370411908 6
39 3646715293 6
41 3818303099 6
63 3674884607 7
53 1885322718 1
38 3845641306 0
51 2657094738 2
45 3360879588 7
44 3169093142 1
49 2763007004 6
37 729035849 3
46 4291171668 10
36 1445528136 2
59 1559299703 2
5 2096331436 7
61 3451987768 6
58 2144069045 8
40 1531987490 10
56 752394179 10
65 3962919069 2
64 3550302405 4
11 3854880236 8
49 3029390278 10
36 2706874701 9
60 2315581790 2
60 3902635642 0
59 3715025730 2
68 4102817136 3
33 1086489105 5
48 1095973937 6
60 2183531708 7
59 3883718992 9
40 1948049449 6
50 4081128044 7
53 3809049200 9
48 4062997188 9
68 3747556284 6
33 411825731 2
46 3943937789 0
33 2789924059 10
56 3984654985 6
73 3137971697 8
38 4117044552 2
46 1993914433 4
56 3527047824 4
53 880088464 8
40 3015583687 0
46 4204723212 5
71 3352848956 10
6 3932852010 1
57 2864815837 5
67 3218464037 8
44 3518809104 9
48 4193358827 6
60 4094180514 2
83 3423334689 2
37 3766313972 0
43 1483391463 6
44 4223679430 6
43 1980775201 8
51 2449050256 8
52 3296947631 0
34 3017862909 2
74 4039860598 4
46 3478330692 3
47 3926460170 6
75 2251219937 8
51 3710281492 4
43 988764166 0
52 1967525186 7
39 3167687335 8
26 1542122410 6
54 1780307363 0
69 2941867716 6
76 2281645645 1
37 2803696444 6
47 3298735255 4
63 3652656431 6
60 3275308702 8
43 2200887125 6
40 3631130917 1
34 1276767665 6
39 3256472046 8
46 1617200684 4
29 4193622225 10
52 2484687556 1
60 3408660541 4
43 2023476630 10
49 2151705899 8
33 3979249329 0
62 3516967029 8
67 3141262316 4
51 4233473739 4
55 3937298231 4
50 3431439027 7
97 3113337402 0
24 2376720152 0
80 3214117657 4
7 4283229788 6
47 4141278750 6
46 3050865796 8
31 2387722347 10
56 3459359724 0
60 817521917 1
45 2856146718 0
45 2705378088 8
56 3585040487 10
79 3506198352 2
40 4166931370 1
26 2305041478 2
53 3763464590 9
39 710801207 7
45 1248011755 10
60 3219800180 6
45 2665494786 3
66 411878423 2
61 4062220001 6
64 3854015338 2
42 3401235463 4
31 2071524855 6
48 1887927654 6
75 4287458072 4
40 1115136073 8
33 1780174972 0
48 1913954024 2
50 3293172016 10
58 3384287667 2
51 3036258372 8
57 2124027204 6
74 3299342165 8
51 3904738454 8
35 3401140828 8
75 3942742976 0
87 3438104831 2
15 2858318062 9
27 3987085920 1
63 4174320147 6
68 3686318733 4
44 4185103243 0
58 2021361813 8
58 1814416796 10
51 3627964983 10
42 3338848588 5
57 1704248027 4
68 2094987086 8
50 1150150332 6
54 1196164272 2
73 3440255716 5
60 2894266594 10
35 3714334949 4
46 1272712222 6
56 2427157966 4
25 3737534035 4
63 3377502541 0
67 3487319879 5
95 1814475088 2
36 3909567161 3
70 1549219066 8
39 3438572222 4
25 2147437798 6
60 2658258675 10
34 2599584261 9
49 3795820532 6
33 2228569890 4
55 4160691206 1
56 2405480600 3
82 3151831751 10
53 4095431090 2
55 2054004443 7
47 3290252022 8
53 2979581494 9
50 2532237010 6
16 2619495830 5
58 3481638682 6
53 26569798 2
46 4008223632 9
59 3879640017 8
52 2274664766 2
50 4238418311 4
38 4082212183 2
82 3081942154 10
24 3250837963 6
79 4063687154 10
42 3543730713 0
53 3615990394 9
48 1773396707 10
44 2427696783 10
66 3222890220 10
56 3793021132 2
65 1550700125 10
64 3388932630 8
51 2767926723 5
40 2408438706 5
69 4294575296 0
73 4197022355 10
45 3094957099 6
56 2292609987 4
58 3815207221 4
28 2420754418 4
26 2928289843 10
41 2731663025 5
53 2220749900 2
30 118968781 4
42 3755395327 1
46 1419396168 5
58 3632349214 2
38 1360813997 6
49 4092703189 0
20 2524797566 0
90 838951632 10
52 2861392399 9
37 3161622749 8
25 3232762686 10
78 4138787750 0
71 2351295870 4
30 1339885540 7
42 3974391900 5
49 3697695706 0
65 3161197363 10
70 3495292895 8
31 2229206205 3
16 2672175283 5
33 1149793041 7
31 2802512775 5
50 2531878367 1
52 2969805853 2
67 4223624965 4
54 3121758116 10
83 2199423656 2
60 2319370487 1
78 4201134619 9
50 3262371990 6
48 2785589441 4
57 3933599573 8
42 3119076880 3
28 2259352801 7
58 4141138178 5
38 3160052260 8
73 3779758048 0
41 558800554 5
60 3398474530 3
54 2723193934 1
63 2811865717 5
40 3590007181 0
67 1125156708 4
46 1486898364 10
36 3635873491 2
49 2315865396 0
49 4266306388 1
53 3940877630 6
45 4263986048 0
57 1410783160 9
44 3476116322 10
49 3380443648 10
53 4152865481 8
48 1310513415 1
57 4272225641 6
48 3073478308 10
40 2526948062 4
58 3418685482 6
59 4034484264 4
23 3277973996 5
45 3039755651 4
43 3133652280 2
41 2469151086 1
59 2351756381 6
59 3722283221 8
67 1786594688 8
55 1091060759 0
30 4063103738 6
54 2023982309 3
51 3678002913 4
40 617042894 0
72 2909006160 6
31 3136575969 2
46 3983039469 6
72 4259919654 0
47 3962418666 10
44 3841669124 1
22 3854254858 8
24 853036925 10
33 4021126814 4
55 3728921514 2
14 1785198859 6
50 2701286695 4
47 2841875412 4
54 3405673461 6
29 3598211851 0
46 1973389977 0
68 2861991288 2
30 3921950400 10
36 4137114998 2
63 2093774702 10
39 3644995762 0
32 3649756453 4
45 3670355706 0
41 4110259814 8
77 1381143369 0
41 2648029862 6
37 4256792855 5
64 3515290589 5
53 2055999101 0
45 1440047558 0
30 1323012818 6
47 3770644792 8
43 1211937612 3
51 3496221158 5
75 1419274226 10
49 2600954380 5
25 2292323347 9
44 2503086320 7
35 883874613 0
39 2422545991 4
45 3510244496 4
72 2753496986 2
68 1736873076 8
48 3567394396 8
85 3685858580 5
53 1777618387 8
64 2191113527 0
35 1649844321 3
32 4234496438 7
68 3228578932 1
59 1815103857 10
81 2096814271 7
62 2861671793 7
27 1970628902 4
42 2372112706 0
84 1795780831 6
39 1028073204 6
37 2235558784 6
46 3855160428 10
59 3563887350 7
55 3534213505 0
60 1061961930 6
29 1424863198 7
57 4285072600 4
55 2856829095 0
65 1882126437 8
64 1848277351 4
67 3367767481 9
62 3233815026 10
37 4262218721 8
50 3300180266 1
65 4157196276 7
48 3144141606 4
44 3866134012 1
57 1276301064 6
50 4182633184 6
50 3150658200 4
34 1864078290 9
55 1849942082 2
41 2503575216 8
63 3470150275 1
54 3924560594 4
54 1890693228 0
60 3061409161 8
50 4176600172 4
22 2051380507 10
45 712698321 2
32 4263476550 5
23 3718018162 2
54 4138726622 4
52 3848135222 7
40 3267407536 8
38 2812303868 0
56 4026626703 5
42 661270029 0
60 3815401784 2
39 3729865962 9
36 2870719331 4
34 3718160408 4
83 4052228759 6
19 2230881733 4
25 2787639285 4
44 3549079112 8
44 3151936490 4
38 1623848682 0
49 4177994227 6
63 2247143327 5
64 2602091161 3
43 2339837602 10
44 3729456411 5
25 4119996434 3
82 3604570547 0
39 3906847414 10
75 4286094497 2
61 3804901965 10
17 4218272908 4
32 3453750962 10
62 2535066693 1
98 2960168798 8
49 3787301984 6
28 4053219170 9
84 3100523244 8
80 3469040167 4
55 2242938167 1
57 2207312521 5
33 3152045812 6
71 959748597 8
72 3067436125 2
56 3365524942 2
50 3567049892 4
64 2938522305 2
48 1658951328 2
60 2580660440 0
54 1538410295 10
57 2287013993 6
62 2707574274 8
41 3777898832 3
37 2535574077 2
63 3443876478 10
60 3024041100 8
19 2621216807 4
68 4246976134 8
59 3032090731 2
34 3500426193 10
68 3525806195 9
43 4204515299 9
20 1848024421 0
62 3703434848 2
56 2812356242 1
67 2880718439 7
62 2367807277 2
45 3360579147 3
60 3550603209 7
51 2593852872 2
10 3967475356 2
35 2278489040 2
43 2691812171 1
41 3810440073 2
38 3599145729 6
50 3341918463 2
57 3172275901 10
43 3176268549 5
41 3973586244 3
29 3397757124 4
67 2030260780 5
59 2084532824 0
51 2210703265 2
68 3428007417 6
60 2485468441 7
50 3381955628 9
31 3745513952 8
25 2892728661 8
55 3832906805 2
39 3112733460 10
70 395656328 5
56 3138250858 4
54 3712650685 6
64 4189182665 3
55 565328694 1
47 272915263 4
52 3259701971 8
42 3833806321 9
58 3453766411 0
58 1151441725 9
33 2397266753 6
60 2879436879 6
53 1892706897 8
63 4030967404 7
26 3429034813 10
56 4156688437 8
49 2925860001 8
37 1741800644 6
37 3185810977 10
52 1852642266 10
43 3382911734 1
59 1837794771 4
40 4084440648 8
83 2441243283 10
43 4122035606 3
29 4211217598 4
45 2167712381 2
33 2027186399 6
47 3524449296 2
8 3652873435 4
85 4293874394 0
49 2916330601 10
25 3583241238 6
65 4226152584 2
49 4016104597 1
50 2962567893 5
27 4008950913 6
83 621271020 8
44 4261233862 6
24 3984996550 4
43 2422727482 5
60 2084137968 7
73 2974829101 2
73 3363186304 1
64 3084215139 9
53 4243266684 8
25 3682440900 8
46 3135386527 6
80 3019976940 5
49 2730953316 2
53 2996614332 3
39 3022193427 4
55 4201592224 7
70 1136895121 4
98 3722226479 4
62 3993807470 10
37 2107235064 4
33 1311418805 1
48 1716493023 6
54 3138590173 0
63 3186895124 1
45 4099690051 4
41 4050576405 8
62 3522850939 5
46 2933215770 8
29 3509782301 5
57 4127897239 8
55 1858815197 4
37 1366144926 0
39 1290912474 0
60 3475558806 8
45 2807167656 4
9 2400383634 2
26 2926529141 9
72 3295532939 10
65 2231903224 9
38 2076900682 4
51 4072236196 4
36 1184153424 9
62 1799132179 4
56 3720476374 9
42 3788738441 8
49 3182386308 5
43 4106454260 5
49 4208619967 0
62 2434127553 0
48 3674087877 10
34 3862253776 1
40 3743179722 6
46 3246832208 6
40 460791367 5
20 4132383100 0
61 3011251456 0
49 1263708145 10
36 3541782069 10
73 2165820902 5
38 3131315442 0
41 3378977510 7
57 3199676269 10
40 2955755233 9
38 3286458528 9
32 3634715583 4
14 1386590391 1
37 3501259184 10
26 3977497063 0
23 2145109238 0
49 2664174630 4
62 3529459471 8
79 4221207818 1
50 3479824521 6
61 1184008422 6
51 2749314979 9
34 1453821175 7
58 672343101 6
69 1160426509 4
23 3835366075 4
73 1042695809 10
60 1206350978 7
63 3805757445 7
72 2439426164 9
59 3555227883 0
54 2612172443 4
73 2915245416 0
39 1941502507 6
65 4158334943 0
34 4108645468 8
79 2301873211 7
34 2462192031 2
50 3376828139 7
26 2879843817 10
52 3442685211 2
47 3110442491 0
62 4254056019 4
65 3648837204 3
69 3563864129 4
65 2372566277 10
53 3162436891 9
46 2313529169 8
34 4238871181 3
69 1051994858 1
35 2711334241 10
54 2674053900 10
55 3200278040 9
42 3972929587 4
61 2670498465 4
58 3723317329 8
49 1154046309 10
35 3137722729 5
73 1492860211 1
36 3891005129 4
38 3080179262 0
57 646060028 0
52 3890800891 3
63 2724936106 2
55 3921570912 6
43 2285178700 8
29 3055123135 5
46 3563171330 2
62 2163914474 7
46 1223666995 7
44 3695836304 6
75 1990065313 9
68 4280783985 4
16 2789826056 10
40 3799922030 6
53 2466067589 6
48 2391618108 8
54 988505656 10
33 741593289 6
43 1603369044 4
